  102
 
Cl          0.2000      45.0000      45.0000
Cl          0.7877      45.0000      43.6151
Cl          0.9797      45.0000      41.5655
Cl          1.7969      45.0000      40.0827
Cl          2.1162      45.0000      38.4861
Cl          2.3482      45.0000      35.3490
Cl          2.2746      45.0000      33.7166
Cl          2.4924      45.0000      32.8735
Cl          3.0087      45.0000      30.5112
Cl          3.7610      45.0000      28.8641
Cl          4.5989      45.0000      27.2184
Cl          7.5535      45.0000      26.8905
Cl          8.3385      45.0000      27.9812
Cl          8.9652      45.0000      29.9341
Cl          9.4232      45.0000      31.9211
Cl          9.4323      45.0000      33.4147
Cl         10.2246      45.0000      35.7625
Cl         12.4528      45.0000      37.6933
Cl         13.6082      45.0000      38.3966
Cl         14.9974      45.0000      38.5877
Cl         15.4927      45.0000      40.1981
Cl         16.5773      45.0000      42.0635
Cl         17.6213      45.0000      42.8912
Cl         17.5668      45.0000      44.2567
Cl         17.5410      45.0000      47.0446
Cl         17.6995      45.0000      48.2073
Cl         17.9519      45.0000      49.7121
Cl         18.1486      45.0000      51.5485
Cl         20.3353      45.0000      53.4106
Cl         22.3549      45.0000      56.4439
Cl         23.9585      45.0000      56.8340
Cl         25.7379      45.0000      56.4457
Cl         27.4063      45.0000      55.1788
Cl         29.4753      45.0000      52.8584
Cl         29.8746      45.0000      51.8972
Cl         29.6020      45.0000      50.7688
Cl         29.7615      45.0000      49.6205
Cl         29.1628      45.0000      46.8528
Cl         27.6235      45.0000      45.8648
Cl         26.7141      45.0000      44.5043
Cl         25.8277      45.0000      42.9301
Cl         23.7504      45.0000      40.4599
Cl         23.6184      45.0000      39.2304
Cl         24.1088      45.0000      38.4349
Cl         25.6407      45.0000      37.2062
Cl         26.0800      45.0000      36.7542
Cl         27.9261      45.0000      37.0092
Cl         30.1515      45.0000      36.5601
Cl         31.1637      45.0000      37.1404
Cl         32.5484      45.0000      37.2633
Cl         34.6550      45.0000      39.9164
Cl         35.1459      45.0000      41.7449
Cl         35.2006      45.0000      42.8883
Cl         35.6056      45.0000      44.1701
Cl         38.6470      45.0000      45.8354
Cl         39.1845      45.0000      46.9072
Cl         38.8289      45.0000      48.3394
Cl         38.7473      45.0000      50.2525
Cl         38.9265      45.0000      52.2788
Cl         39.1902      45.0000      53.5167
Cl         39.2909      45.0000      54.9441
Cl         40.2851      45.0000      56.3946
Cl         41.6727      45.0000      57.1452
Cl         42.8764      45.0000      57.3284
Cl         44.2657      45.0000      57.5383
Cl         45.8533      45.0000      58.0500
Cl         47.0397      45.0000      57.9209
Cl         48.6019      45.0000      57.6029
Cl         50.2434      45.0000      57.5097
Cl         51.5761      45.0000      56.9749
Cl         53.4964      45.0000      55.9644
Cl         54.6864      45.0000      54.8011
Cl         55.3719      45.0000      53.6623
Cl         55.8162      45.0000      51.4999
Cl         55.8219      45.0000      50.7228
Cl         55.3692      45.0000      47.8219
Cl         55.1273      45.0000      45.6037
Cl         55.0551      45.0000      44.9534
Cl         55.3166      45.0000      43.6193
Cl         55.6876      45.0000      42.2031
Cl         56.3719      45.0000      40.0433
Cl         57.3470      45.0000      38.1697
Cl         58.0186      45.0000      36.7045
Cl         58.1103      45.0000      35.6230
Cl         58.8071      45.0000      33.5291
Cl         60.2410      45.0000      32.7305
Cl         62.4864      45.0000      32.9486
Cl         63.6749      45.0000      32.6211
Cl         65.1923      45.0000      32.9754
Cl         66.4780      45.0000      33.9618
Cl         66.2821      45.0000      35.2551
Cl         66.1703      45.0000      36.5394
Cl         66.1254      45.0000      38.0969
Cl         65.9807      45.0000      39.5422
Cl         65.9751      45.0000      40.4293
Cl         65.2412      45.0000      43.1280
Cl         65.4156      45.0000      43.7901
Cl         65.3188      45.0000      45.2727
Cl         66.2907      45.0000      45.5926
Cl         68.2131      45.0000      45.3097
Cl         68.7392      45.0000      44.9903
Cl         69.8000      45.0000      45.0000
