1
       102         1        11         0
        70        90
  2
  1    0.2000000   45.0000000   45.0000000
  1    0.7876744   45.0000000   43.6150780
  1    0.9796583   45.0000000   41.5654718
  1    1.7969301   45.0000000   40.0826684
  1    2.1161561   45.0000000   38.4861057
  1    2.3482055   45.0000000   35.3490235
  1    2.2745727   45.0000000   33.7166051
  1    2.4923838   45.0000000   32.8734765
  1    3.0086780   45.0000000   30.5111600
  1    3.7609524   45.0000000   28.8640565
  1    4.5988870   45.0000000   27.2184261
  1    7.5534947   45.0000000   26.8904985
  1    8.3385209   45.0000000   27.9811569
  1    8.9652479   45.0000000   29.9341327
  1    9.4232100   45.0000000   31.9210587
  1    9.4322822   45.0000000   33.4146620
  1   10.2245660   45.0000000   35.7625080
  1   12.4528275   45.0000000   37.6932918
  1   13.6081961   45.0000000   38.3965759
  1   14.9973816   45.0000000   38.5877327
  1   15.4927422   45.0000000   40.1980976
  1   16.5773330   45.0000000   42.0634615
  1   17.6212993   45.0000000   42.8912360
  1   17.5667832   45.0000000   44.2567142
  1   17.5409859   45.0000000   47.0446495
  1   17.6994646   45.0000000   48.2072842
  1   17.9518745   45.0000000   49.7121265
  1   18.1485612   45.0000000   51.5484535
  1   20.3353156   45.0000000   53.4105748
  1   22.3549474   45.0000000   56.4438795
  1   23.9585362   45.0000000   56.8340115
  1   25.7378997   45.0000000   56.4456935
  1   27.4063078   45.0000000   55.1787793
  1   29.4752897   45.0000000   52.8584017
  1   29.8745918   45.0000000   51.8971952
  1   29.6020165   45.0000000   50.7688172
  1   29.7614885   45.0000000   49.6204878
  1   29.1627628   45.0000000   46.8528248
  1   27.6234844   45.0000000   45.8648445
  1   26.7140659   45.0000000   44.5042994
  1   25.8276771   45.0000000   42.9301132
  1   23.7504425   45.0000000   40.4599487
  1   23.6183615   45.0000000   39.2303677
  1   24.1088134   45.0000000   38.4349368
  1   25.6406700   45.0000000   37.2062129
  1   26.0799972   45.0000000   36.7541864
  1   27.9260632   45.0000000   37.0092483
  1   30.1515365   45.0000000   36.5601157
  1   31.1636829   45.0000000   37.1404105
  1   32.5484463   45.0000000   37.2632764
  1   34.6549782   45.0000000   39.9164381
  1   35.1459343   45.0000000   41.7449102
  1   35.2006397   45.0000000   42.8883283
  1   35.6055562   45.0000000   44.1701328
  1   38.6470409   45.0000000   45.8354441
  1   39.1845069   45.0000000   46.9072014
  1   38.8289039   45.0000000   48.3394375
  1   38.7472650   45.0000000   50.2524643
  1   38.9265453   45.0000000   52.2787554
  1   39.1901773   45.0000000   53.5166619
  1   39.2909258   45.0000000   54.9440645
  1   40.2850657   45.0000000   56.3946381
  1   41.6727435   45.0000000   57.1452083
  1   42.8763567   45.0000000   57.3284101
  1   44.2657248   45.0000000   57.5383460
  1   45.8533435   45.0000000   58.0499727
  1   47.0397256   45.0000000   57.9209293
  1   48.6018874   45.0000000   57.6029135
  1   50.2433947   45.0000000   57.5097291
  1   51.5760788   45.0000000   56.9749075
  1   53.4963798   45.0000000   55.9643931
  1   54.6864114   45.0000000   54.8011054
  1   55.3719418   45.0000000   53.6623246
  1   55.8162333   45.0000000   51.4998947
  1   55.8219416   45.0000000   50.7228298
  1   55.3691947   45.0000000   47.8218953
  1   55.1272783   45.0000000   45.6036787
  1   55.0550928   45.0000000   44.9534259
  1   55.3165904   45.0000000   43.6193410
  1   55.6876062   45.0000000   42.2031422
  1   56.3718845   45.0000000   40.0433457
  1   57.3469704   45.0000000   38.1697362
  1   58.0186308   45.0000000   36.7044877
  1   58.1102723   45.0000000   35.6229503
  1   58.8071169   45.0000000   33.5290563
  1   60.2410062   45.0000000   32.7305427
  1   62.4863646   45.0000000   32.9486348
  1   63.6748780   45.0000000   32.6211440
  1   65.1922674   45.0000000   32.9754160
  1   66.4780352   45.0000000   33.9618432
  1   66.2820934   45.0000000   35.2550623
  1   66.1702656   45.0000000   36.5394292
  1   66.1253693   45.0000000   38.0968537
  1   65.9807427   45.0000000   39.5421718
  1   65.9751405   45.0000000   40.4292513
  1   65.2411792   45.0000000   43.1279648
  1   65.4156155   45.0000000   43.7900950
  1   65.3187968   45.0000000   45.2726547
  1   66.2906732   45.0000000   45.5925691
  1   68.2131485   45.0000000   45.3096834
  1   68.7391663   45.0000000   44.9902621
  1   69.8000000   45.0000000   45.0000000
      0.0000000      0.0000000      0.0000000
     16.1309110      0.0000000     18.4569622
    -14.6798324      0.0000000     55.4812111
     51.2129154      0.0000000    -42.7854262
     21.0742914      0.0000000     69.7729425
    -53.5637369      0.0000000     69.7071697
    -74.2862857      0.0000000     42.4499632
     35.7195715      0.0000000     19.8423539
     -3.0082218      0.0000000    102.0298707
     44.6887715      0.0000000     55.2408700
    -40.0985066      0.0000000     17.9484767
     27.9296158      0.0000000    -68.6270931
     17.0307971      0.0000000    -55.1139504
    -86.3244350      0.0000000     31.5683697
     21.8208276      0.0000000      9.8335730
    -15.8552342      0.0000000    -45.2337894
     91.6696883      0.0000000    -55.0271910
    -25.5905257      0.0000000     -7.4615218
    -39.2346599      0.0000000     36.0091331
    -11.6883434      0.0000000      6.2664554
      5.0304510      0.0000000    -61.7332463
    -41.0102538      0.0000000     23.9575166
    -55.3940457      0.0000000     38.9254351
     49.8152435      0.0000000     27.6176428
     -0.7716671      0.0000000     -9.7241201
     38.6203860      0.0000000    -54.3035789
    -55.1865826      0.0000000    -33.6720161
     30.7073717      0.0000000    122.3191206
    -27.2973887      0.0000000    -10.9796464
    -24.7282670      0.0000000      0.7195865
     -9.4853756      0.0000000    -56.3039373
     20.2503990      0.0000000    -18.4354759
      7.9522128      0.0000000     66.2828793
     46.5690364      0.0000000    -26.3356927
     11.0752985      0.0000000     15.8547862
    -59.3126707      0.0000000     90.4543290
     39.8431872      0.0000000    -40.4499406
    -27.8793969      0.0000000     80.9782220
     19.4255962      0.0000000    -67.6760512
     20.8798932      0.0000000     41.5577370
     -8.1762980      0.0000000     27.2518137
     -9.4364046      0.0000000    -80.9248136
     -4.1986040      0.0000000     11.6862678
     47.2535998      0.0000000    -14.8785987
     23.2502581      0.0000000    -27.9815530
    -26.1157353      0.0000000     27.6621780
    -48.1540889      0.0000000     53.9602170
    -49.4513703      0.0000000    -79.0799433
      9.5326462      0.0000000     58.8436781
     44.1799779      0.0000000     32.3178433
     -3.3490412      0.0000000   -104.5036822
     62.6352518      0.0000000    -35.1709075
     -3.5107668      0.0000000     33.7554882
    -20.9832119      0.0000000     13.5593168
     10.7505678      0.0000000    -42.6953485
      0.7483327      0.0000000    -10.7509896
     21.4720373      0.0000000     26.3861248
     28.8359300      0.0000000    -11.4985310
     -3.5819329      0.0000000     47.2849709
    -33.4769271      0.0000000     15.0289567
     44.5886675      0.0000000     67.6175995
    -13.8020676      0.0000000    -24.5951673
    -44.4375745      0.0000000     54.8318356
     60.7709648      0.0000000     11.4451678
     18.2288220      0.0000000    -38.7738302
    -88.9484221      0.0000000     31.9408726
    -69.7034956      0.0000000    -13.7695666
     48.8874671      0.0000000    -48.9711508
    -21.9747465      0.0000000    -75.7459642
      9.8463035      0.0000000     27.6261490
    121.7779771      0.0000000    -33.7809702
     -0.1646471      0.0000000     -8.2702767
    -41.5943393      0.0000000     18.3175450
     -5.9836213      0.0000000     61.7167178
    -37.9586145      0.0000000      5.8186674
     36.7069806      0.0000000      8.9814812
     17.4636992      0.0000000    -41.1037513
    -16.6284956      0.0000000     -6.7055205
    -61.1702774      0.0000000     14.6070675
     -2.3473436      0.0000000    -31.3305822
     -5.4207879      0.0000000    -52.2684630
     24.8184444      0.0000000    -19.5189224
    -78.8730463      0.0000000     10.1008198
     15.6571653      0.0000000     -1.9306408
     44.5327698      0.0000000    -37.0677713
    -23.9291859      0.0000000     86.2913543
     74.0030175      0.0000000    -42.0166886
      7.2108765      0.0000000    -12.4137921
     40.3159797      0.0000000     33.3227559
    -11.2521150      0.0000000    -40.5250372
      3.2765503      0.0000000     -2.2247422
    -45.0013483      0.0000000     12.4045172
    -31.1862114      0.0000000     20.3655580
    -34.8418116      0.0000000     -3.3377104
     10.6312375      0.0000000     41.1472692
    -70.7110000      0.0000000     69.6625506
     10.0454859      0.0000000     -3.4948719
     71.3707157      0.0000000    -56.4754150
     12.9917376      0.0000000      1.6434192
     33.9422430      0.0000000    -25.0413946
     34.5442430      0.0000000     64.8511508
      0.0000000      0.0000000      0.0000000
      0.0000000      0.0000000      0.0000000
  -5940.2524028      0.0000000  -2074.3224897
   8196.2535752      0.0000000   3158.5909275
  -5537.7605052      0.0000000  -2326.3979717
   1075.1697852      0.0000000  -2173.1739991
  -2954.3347227      0.0000000   2314.0933965
   6445.5162441      0.0000000   3458.3409131
  -3889.0281534      0.0000000  -4917.0964416
   2216.9714043      0.0000000   1652.5663019
  -5395.8360685      0.0000000  -2858.1035384
   7718.1701707      0.0000000   4074.7576281
  -8791.8210611      0.0000000   4215.0399928
   4244.6973137      0.0000000   -152.0925726
   1474.9997259      0.0000000   -378.1846946
  -5040.3397836      0.0000000   -513.1258786
   3932.9797942      0.0000000   1591.0279627
   3778.1747472      0.0000000  -1876.7262455
  -4860.2951885      0.0000000   -248.3575776
   2611.9041842      0.0000000 -12581.0545437
  -8694.4284382      0.0000000  15618.5659595
   8062.3646873      0.0000000  -1541.8942819
   5155.5130458      0.0000000 -10752.8062486
 -13292.5060849      0.0000000   7626.9499207
   6596.7223810      0.0000000   4230.9365616
   1425.3878304      0.0000000  -4288.3583764
   -133.4788022      0.0000000   2217.3304097
  -5060.4880738      0.0000000   1058.0367016
   9695.8421575      0.0000000  -3124.0977482
  -4935.3538428      0.0000000   6094.0604514
   2223.0939576      0.0000000  -7248.5324084
   -178.3402929      0.0000000    481.9939139
   -920.1931738      0.0000000  -2129.2935967
   1609.6683294      0.0000000   -319.3590338
   -797.5988169      0.0000000   4128.3025279
 -11047.8097198      0.0000000    957.1525995
  14704.5887697      0.0000000  -1218.2360966
  -5548.4707072      0.0000000  -5275.1519254
  -6440.0420979      0.0000000   8414.0076313
   6180.6948424      0.0000000  -7251.5671915
   -375.5060654      0.0000000    185.5520952
  -4932.3684782      0.0000000    883.3898375
   4426.5820948      0.0000000   2140.4004038
   3456.4460279      0.0000000   1763.4606719
    827.6018271      0.0000000  -1819.5913512
 -28864.1574528      0.0000000   1684.3891634
  27040.1770391      0.0000000   5391.2782780
    548.4898688      0.0000000 -12496.6733133
  -7118.7488106      0.0000000  13937.6098634
   5958.8168834      0.0000000 -17551.2679566
   1199.6617829      0.0000000  13605.3901222
  -2515.7174555      0.0000000  -1617.8481112
  -3989.6791452      0.0000000  -2767.7149969
    530.9505081      0.0000000   1000.9528357
   9991.6296761      0.0000000  -2305.2146472
  -5618.4352228      0.0000000    742.3003631
  -7117.6328897      0.0000000    138.9493379
   6529.2252329      0.0000000   3026.5267692
     50.7285223      0.0000000     87.7227098
   1657.2525257      0.0000000  -3365.7139725
  -6659.9174526      0.0000000   1126.1359385
   6419.3732627      0.0000000   1180.9379615
    803.5244955      0.0000000  -1554.7463982
  -1874.2904894      0.0000000  -3378.4509657
     52.9163974      0.0000000   1688.6425543
    796.2509238      0.0000000   5202.7160735
  -1521.7979863      0.0000000  -6805.0085840
   2182.6992088      0.0000000    720.5436530
    519.5432385      0.0000000   4631.7868991
  -2745.9934476      0.0000000  -4362.1337006
   3407.0604361      0.0000000    774.9448249
  -1540.9821127      0.0000000  -1192.9031187
  -1010.0295871      0.0000000   1984.2184238
   -641.4757840      0.0000000  -3592.0282937
   -539.1089919      0.0000000   4437.4184141
   -960.1576913      0.0000000  -5370.8634594
   1205.3239985      0.0000000    807.6912091
  -3217.4073062      0.0000000  15368.3429344
   5177.8693310      0.0000000 -11755.1042930
  -1434.0131058      0.0000000  -1031.1006795
    219.3410680      0.0000000  -2518.6295322
   1858.7462956      0.0000000   1126.1044630
    308.7032321      0.0000000    973.7748429
  -8027.6092668      0.0000000   1068.4802672
   4208.2566937      0.0000000  -3385.4213991
   3585.8913543      0.0000000   3359.9832735
    445.0863148      0.0000000   5062.1986149
  -4685.6954408      0.0000000 -11433.8390641
   3970.5332930      0.0000000   7857.5346920
   2157.9334261      0.0000000  -2598.3539168
 -12856.9832123      0.0000000    539.3839916
   8612.2971218      0.0000000   1411.6688791
    732.9807757      0.0000000   2241.0129770
  -1992.3197006      0.0000000  -1637.0052568
   5109.8564193      0.0000000   -725.6249151
  -7749.5449910      0.0000000   3418.0924433
  14268.7609331      0.0000000 -12534.5038285
 -21562.0549866      0.0000000  10719.8184520
  13760.7514369      0.0000000  -9343.4500126
    153.4361017      0.0000000   7196.7446316
 -32778.2025990      0.0000000    997.3536939
  30038.3334991      0.0000000   5147.7798999
      0.0000000      0.0000000      0.0000000
      0.0000000      0.0000000     90.0000000
      0.0000000      0.0000000      0.0000000
      0.0000000      0.0000000      0.0000000
            0            0            0
      0.0000000      0.0000000      0.0000000
            0            0            0
      0.0000000      0.0000000      0.0000000
            1            1            1
