  0.000000000000000E+000                     NaN
  3.079992797637052E-002                     NaN
  6.159985595274104E-002                     NaN
  9.239978392911156E-002                     NaN
  0.123199711905482                          NaN
  0.153999639881853                          NaN
  0.184799567858223                          NaN
  0.215599495834594                          NaN
  0.246399423810964                          NaN
  0.277199351787335                          NaN
  0.307999279763705                          NaN
  0.338799207740076                          NaN
  0.369599135716446                          NaN
  0.400399063692817                          NaN
  0.431198991669187                          NaN
  0.461998919645558                          NaN
  0.492798847621928                          NaN
  0.523598775598299                          NaN
  0.554398703574669                          NaN
  0.585198631551040                          NaN
  0.615998559527410                          NaN
  0.646798487503781                          NaN
  0.677598415480151                          NaN
  0.708398343456522                          NaN
  0.739198271432893                          NaN
  0.769998199409263                          NaN
