     10       2501.1           3972.9           1471.8    
     20       2639.4           7093.7           4454.2    
     30       2584.3           8116.7           5532.4    
     40       2604.4           7476.7           4872.3    
     50       2638.7           6796.6           4157.9    
     60       2665.6           6314.2           3648.6    
     70       2632.4           6295.6           3663.2    
     80       2669.4           6635.1           3965.7    
     90       2744.0           6632.9           3889.0    
    100       2698.9           6711.0           4012.1    
    110       2627.8           6789.2           4161.4    
    120       2536.4           6677.9           4141.5    
    130       2582.5           6680.3           4097.8    
    140       2657.0           6866.1           4209.1    
    150       2606.0           6883.3           4277.3    
    160       2523.8           6663.6           4139.8    
    170       2618.1           6400.9           3782.8    
    180       2548.7           6182.8           3634.1    
    190       2501.8           6108.1           3606.3    
    200       2442.7           6151.6           3708.9    
    210       2447.9           6123.2           3675.4    
    220       2480.4           5976.5           3496.1    
    230       2513.6           5712.4           3198.7    
    240       2453.6           5530.0           3076.5    
    250       2442.6           5417.9           2975.3    
    260       2453.0           5272.3           2819.4    
    270       2439.3           5038.4           2599.0    
    280       2476.4           4884.2           2407.8    
    290       2449.2           4994.3           2545.1    
    300       2437.8           5162.2           2724.4    
    310       2483.1           5327.7           2844.6    
    320       2451.2           5535.3           3084.1    
    330       2441.9           5709.1           3267.1    
    340       2455.8           5855.3           3399.5    
    350       2479.3           5989.0           3509.6    
    360       2462.9           6018.6           3555.7    
    370       2563.1           6064.8           3501.7    
    380       2542.5           6190.9           3648.3    
    390       2490.5           6361.7           3871.2    
    400       2542.4           6395.4           3853.0    
    410       2493.2           6333.3           3840.2    
    420       2461.9           6378.5           3916.6    
    430       2487.2           6517.6           4030.4    
    440       2494.8           6756.8           4262.0    
    450       2436.8           6896.6           4459.8    
    460       2523.6           6921.4           4397.8    
    470       2517.6           6836.0           4318.3    
    480       2448.4           6701.9           4253.5    
    490       2445.2           6678.0           4232.9    
    500       2507.3           6685.9           4178.6    
    510       2558.8           6702.0           4143.3    
    520       2474.5           6781.1           4306.6    
    530       2485.4           6992.1           4506.6    
    540       2459.5           7120.7           4661.2    
    550       2480.3           6957.6           4477.3    
    560       2453.9           6692.8           4238.9    
    570       2431.2           6611.8           4180.6    
    580       2427.5           6681.9           4254.3    
    590       2635.4           6643.9           4008.5    
    600       2482.6           6252.4           3769.8    
    610       2491.6           6135.3           3643.6    
    620       2489.0           6291.9           3802.8    
    630       2453.0           6255.4           3802.4    
    640       2473.1           6044.7           3571.6    
    650       2476.4           5798.4           3322.1    
    660       2436.8           5683.5           3246.7    
    670       2558.3           5749.9           3191.6    
    680       2519.2           5836.6           3317.4    
    690       2478.1           5871.7           3393.5    
    700       2454.6           5888.7           3434.1    
    710       2440.9           5918.7           3477.8    
    720       2491.1           5944.3           3453.2    
    730       2467.7           5912.7           3445.0    
    740       2485.0           5885.0           3400.1    
    750       2468.3           5804.0           3335.7    
    760       2463.0           5684.7           3221.7    
    770       2469.2           5654.7           3185.4    
    780       2448.3           5674.1           3225.8    
    790       2491.7           5617.2           3125.5    
    800       2457.4           5483.8           3026.4    
    810       2467.8           5349.4           2881.6    
    820       2442.8           5327.5           2884.7    
    830       2448.9           5444.1           2995.2    
    840       2479.9           5660.6           3180.7    
    850       2444.8           5755.2           3310.4    
    860       2510.0           5774.7           3264.7    
    870       2442.8           5822.0           3379.1    
    880       2456.4           5792.9           3336.6    
    890       2446.1           5673.2           3227.1    
    900       2482.9           5600.3           3117.4    
    910       2470.4           5657.3           3186.9    
    920       2448.9           5629.1           3180.2    
    930       2504.3           5619.9           3115.5    
    940       2435.5           5686.5           3251.0    
    950       2470.2           5816.9           3346.7    
    960       2486.0           5925.4           3439.4    
    970       2520.1           5897.9           3377.7    
    980       2496.3           5846.3           3350.0    
    990       2437.1           5955.6           3518.5    
   1000       2484.2           6126.1           3641.9    
   1010       2465.1           6143.3           3678.2    
   1020       2431.6           5993.5           3561.8    
   1030       2459.9           5792.3           3332.4    
   1040       2462.3           5643.9           3181.6    
   1050       2524.1           5621.5           3097.3    
   1060       2450.9           5797.5           3346.5    
   1070       2508.7           6094.7           3586.0    
   1080       2645.8           6243.9           3598.1    
   1090       2426.1           6183.8           3757.7    
   1100       2454.4           6098.3           3643.8    
   1110       2498.0           6135.3           3637.3    
   1120       2432.5           6264.5           3832.1    
   1130       2614.6           6329.1           3714.5    
   1140       2450.6           6335.5           3884.9    
   1150       2446.0           6312.4           3866.4    
   1160       2442.3           6216.8           3774.5    
   1170       2481.0           6224.5           3743.5    
   1180       2530.8           6382.8           3852.0    
   1190       2458.5           6412.7           3954.3    
   1200       2422.2           6328.4           3906.2    
   1210       2509.9           6328.3           3818.4    
   1220       2536.4           6372.3           3835.9    
   1230       2484.7           6312.1           3827.4    
   1240       2497.5           6359.6           3862.1    
   1250       2469.6           6510.4           4040.8    
   1260       2440.9           6567.7           4126.8    
   1270       2572.8           6572.2           3999.4    
   1280       2578.4           6495.1           3916.8    
   1290       2528.1           6371.3           3843.2    
   1300       2470.1           6284.0           3813.9    
   1310       2487.4           6168.3           3680.8    
   1320       2470.1           5938.4           3468.2    
   1330       2474.2           5876.2           3402.0    
   1340       2477.3           6067.5           3590.2    
   1350       2442.5           6261.9           3819.5    
   1360       2539.2           6241.3           3702.1    
   1370       2446.3           6064.7           3618.3    
   1380       2533.3           5826.3           3293.0    
   1390       2458.1           5746.9           3288.8    
   1400       2428.3           5902.9           3474.5    
   1410       2513.6           5989.6           3476.0    
   1420       2444.6           5755.8           3311.2    
   1430       2495.9           5546.9           3051.0    
   1440       2463.1           5653.1           3190.1    
   1450       2452.1           6038.7           3586.6    
   1460       2452.6           6399.6           3947.1    
   1470       2446.2           6478.0           4031.8    
   1480       2438.6           6401.9           3963.4    
   1490       2443.2           6397.8           3954.5    
   1500       2632.3           6477.1           3844.8    
   1510       2472.9           6495.8           4022.9    
   1520       2454.7           6446.5           3991.8    
   1530       2451.2           6303.6           3852.4    
   1540       2441.3           6232.0           3790.7    
   1550       2464.0           6289.9           3825.9    
   1560       2477.6           6324.1           3846.5    
   1570       2489.3           6207.9           3718.6    
   1580       2577.9           6037.1           3459.2    
   1590       2462.7           6123.4           3660.7    
   1600       2477.0           6307.0           3830.0    
   1610       2461.9           6454.8           3992.9    
   1620       2477.6           6653.9           4176.3    
   1630       2513.1           6914.9           4401.9    
   1640       2519.3           6929.6           4410.3    
   1650       2550.9           6705.9           4155.0    
   1660       2433.2           6534.7           4101.5    
   1670       2575.7           6492.8           3917.2    
   1680       2451.1           6444.5           3993.4    
   1690       2483.8           6202.0           3718.2    
   1700       2472.4           5992.5           3520.1    
   1710       2513.5           6056.6           3543.1    
   1720       2453.0           6138.8           3685.8    
   1730       2434.5           6103.9           3669.4    
   1740       2432.7           5960.5           3527.8    
   1750       2445.2           5765.9           3320.7    
   1760       2457.1           5691.1           3234.1    
   1770       2432.4           5792.8           3360.4    
   1780       2457.4           5857.8           3400.4    
   1790       2442.0           5897.7           3455.7    
   1800       2443.6           6110.7           3667.0    
   1810       2507.4           6378.6           3871.2    
   1820       2446.9           6475.7           4028.8    
   1830       2449.6           6401.9           3952.3    
   1840       2473.6           6275.8           3802.3    
   1850       2469.1           6187.8           3718.7    
   1860       2439.5           6209.7           3770.2    
   1870       2452.8           6299.5           3846.6    
   1880       2447.6           6419.2           3971.7    
   1890       2448.8           6554.9           4106.1    
   1900       2470.7           6464.1           3993.4    
   1910       2463.7           6234.7           3771.0    
   1920       2446.2           6116.3           3670.0    
   1930       2477.3           6110.9           3633.6    
   1940       2480.4           6133.4           3653.0    
   1950       2437.7           6200.6           3762.9    
   1960       2504.8           6272.1           3767.3    
   1970       2468.6           6254.9           3786.3    
   1980       2448.1           6062.3           3614.2    
   1990       2461.4           5802.5           3341.1    
   2000       2452.3           5658.9           3206.6    
   2010       2452.7           5626.3           3173.6    
   2020       2443.1           5564.0           3120.9    
   2030       2546.6           5607.0           3060.4    
   2040       2523.1           5640.7           3117.6    
   2050       2454.3           5638.2           3183.9    
   2060       2455.2           5688.5           3233.3    
   2070       2461.7           5826.1           3364.4    
   2080       2502.1           6041.6           3539.5    
   2090       2458.3           6076.7           3618.3    
   2100       2447.0           5784.0           3337.0    
   2110       2454.5           5481.3           3026.7    
   2120       2466.9           5342.7           2875.8    
   2130       2492.1           5407.8           2915.7    
   2140       2458.7           5578.0           3119.4    
   2150       2448.7           5654.6           3205.9    
   2160       2514.2           5643.5           3129.3    
   2170       2444.4           5685.0           3240.5    
   2180       2477.6           5780.2           3302.6    
   2190       2465.3           5801.1           3335.9    
   2200       2444.7           5648.8           3204.1    
   2210       2436.0           5442.6           3006.6    
   2220       2439.0           5313.7           2874.7    
   2230       2456.5           5304.3           2847.8    
   2240       2443.6           5381.9           2938.3    
   2250       2451.3           5486.1           3034.8    
   2260       2461.4           5459.9           2998.5    
   2270       2470.3           5381.3           2911.0    
   2280       2491.7           5452.4           2960.7    
   2290       2437.6           5693.3           3255.7    
   2300       2429.3           5961.1           3531.8    
   2310       2447.0           6037.7           3590.8    
   2320       2500.4           5814.5           3314.0    
   2330       2461.7           5512.7           3051.0    
   2340       2443.8           5420.3           2976.6    
   2350       2494.7           5593.1           3098.3    
   2360       2491.6           5831.2           3339.6    
   2370       2524.6           5867.0           3342.5    
   2380       2456.2           5787.7           3331.6    
   2390       2469.7           5778.1           3308.3    
   2400       2465.4           5781.6           3316.2    
   2410       2443.4           5754.2           3310.9    
   2420       2441.9           5829.8           3387.9    
   2430       2463.4           5964.9           3501.5    
   2440       2436.4           5938.8           3502.4    
   2450       2477.6           5714.3           3236.7    
   2460       2435.1           5650.7           3215.6    
   2470       2490.1           5891.3           3401.3    
   2480       2451.7           6099.8           3648.0    
   2490       2475.6           6069.6           3594.0    
   2500       2470.4           6009.7           3539.3    
   2510       2462.5           6023.3           3560.8    
   2520       2447.5           6029.7           3582.2    
   2530       2470.5           5988.7           3518.2    
   2540       2442.6           6017.9           3575.4    
   2550       2441.6           6130.2           3688.6    
   2560       2492.0           6213.7           3721.7    
   2570       2440.3           6177.0           3736.7    
   2580       2446.6           6021.5           3574.9    
   2590       2491.3           5875.1           3383.8    
   2600       2457.8           5786.9           3329.1    
   2610       2474.8           5634.8           3159.9    
   2620       2459.9           5429.8           2969.9    
   2630       2523.7           5359.3           2835.5    
   2640       2562.3           5475.7           2913.3    
   2650       2481.3           5617.9           3136.6    
   2660       2446.2           5746.4           3300.2    
   2670       2439.1           5856.1           3417.0    
   2680       2441.1           6018.9           3577.8    
   2690       2440.3           6147.7           3707.4    
   2700       2476.8           6153.1           3676.3    
   2710       2442.6           6069.8           3627.2    
   2720       2431.2           5950.7           3519.5    
   2730       2442.7           5859.5           3416.8    
   2740       2484.4           5768.7           3284.3    
   2750       2459.7           5734.9           3275.2    
   2760       2458.3           5817.0           3358.8    
   2770       2448.3           5899.6           3451.2    
   2780       2487.4           5814.1           3326.7    
   2790       2467.1           5692.1           3224.9    
   2800       2494.8           5750.6           3255.8    
   2810       2499.3           5923.2           3423.9    
   2820       2455.1           6162.6           3707.5    
   2830       2471.8           6344.4           3872.6    
   2840       2468.2           6326.7           3858.4    
   2850       2455.9           6083.5           3627.5    
   2860       2480.9           5780.0           3299.1    
   2870       2516.8           5708.5           3191.7    
   2880       2435.2           5780.0           3344.7    
   2890       2476.0           5767.9           3291.9    
   2900       2440.3           5704.3           3264.1    
   2910       2501.6           5697.2           3195.7    
   2920       2489.1           5782.3           3293.2    
   2930       2435.2           5998.1           3562.9    
   2940       2434.4           6233.0           3798.6    
   2950       2464.1           6394.8           3930.7    
   2960       2458.1           6451.2           3993.0    
   2970       2525.6           6399.6           3874.0    
   2980       2444.2           6273.8           3829.6    
   2990       2455.8           6159.2           3703.4    
   3000       2442.4           6113.4           3671.0    
   3010       2455.6           6093.2           3637.6    
   3020       2477.6           6049.3           3571.8    
   3030       2466.9           5910.5           3443.6    
   3040       2493.9           5796.1           3302.2    
   3050       2442.6           5749.0           3306.4    
   3060       2497.1           5769.3           3272.2    
   3070       2452.8           5751.1           3298.3    
   3080       2430.7           5639.2           3208.5    
   3090       2439.1           5600.6           3161.5    
   3100       2452.4           5664.6           3212.2    
   3110       2504.5           5748.9           3244.4    
   3120       2445.5           5820.1           3374.6    
   3130       2464.7           5876.6           3411.8    
   3140       2430.4           5894.2           3463.9    
   3150       2507.2           5895.9           3388.7    
   3160       2483.4           5897.4           3414.1    
   3170       2432.7           5881.4           3448.7    
   3180       2429.7           5758.5           3328.8    
   3190       2436.9           5630.6           3193.7    
   3200       2477.1           5662.4           3185.3    
   3210       2441.7           5740.3           3298.7    
   3220       2467.0           5728.3           3261.3    
   3230       2445.4           5664.1           3218.7    
   3240       2475.1           5591.6           3116.5    
   3250       2459.5           5640.9           3181.3    
   3260       2436.8           5815.9           3379.1    
   3270       2458.0           6026.7           3568.7    
   3280       2476.0           6084.8           3608.8    
   3290       2509.9           6024.4           3514.5    
   3300       2489.1           5974.5           3485.4    
   3310       2468.1           5754.9           3286.9    
   3320       2469.8           5574.9           3105.1    
   3330       2437.7           5601.3           3163.6    
   3340       2508.9           5648.4           3139.5    
   3350       2458.6           5700.6           3242.1    
   3360       2464.1           5597.1           3133.0    
   3370       2467.2           5441.4           2974.2    
   3380       2500.3           5539.0           3038.7    
   3390       2446.6           5712.8           3266.1    
   3400       2532.8           5687.9           3155.1    
   3410       2488.3           5510.8           3022.5    
   3420       2465.6           5310.8           2845.2    
   3430       2437.9           5269.0           2831.1    
   3440       2457.9           5371.3           2913.4    
   3450       2455.9           5494.0           3038.1    
   3460       2495.8           5504.1           3008.3    
   3470       2450.7           5439.9           2989.2    
   3480       2454.2           5452.2           2998.1    
   3490       2473.6           5499.2           3025.6    
   3500       2446.2           5477.9           3031.6    
   3510       2486.5           5434.7           2948.2    
   3520       2448.2           5487.1           3039.0    
   3530       2454.0           5529.5           3075.5    
   3540       2439.1           5463.0           3023.9    
   3550       2451.6           5405.3           2953.7    
   3560       2451.7           5434.2           2982.5    
   3570       2455.7           5514.2           3058.5    
   3580       2440.7           5600.0           3159.3    
   3590       2519.5           5603.2           3083.7    
   3600       2459.2           5550.6           3091.4    
   3610       2444.6           5534.4           3089.8    
   3620       2442.6           5617.7           3175.1    
   3630       2594.4           5844.5           3250.1    
   3640       2486.6           6081.4           3594.8    
   3650       2434.4           6188.5           3754.1    
   3660       2480.6           6165.4           3684.8    
   3670       2498.3           6058.0           3559.6    
   3680       2494.5           6014.9           3520.4    
   3690       2473.3           6100.0           3626.7    
   3700       2455.0           6210.2           3755.2    
   3710       2551.1           6235.9           3684.8    
   3720       2443.9           6156.8           3712.9    
   3730       2448.0           6034.7           3586.7    
   3740       2453.8           5904.9           3451.0    
   3750       2440.7           5775.5           3334.7    
   3760       2485.4           5684.0           3198.6    
   3770       2450.3           5648.4           3198.1    
   3780       2491.7           5584.1           3092.4    
   3790       2463.6           5497.6           3034.0    
   3800       2444.6           5414.2           2969.6    
   3810       2442.5           5332.6           2890.1    
   3820       2450.3           5314.2           2863.8    
   3830       2438.2           5371.3           2933.1    
   3840       2437.2           5472.7           3035.5    
   3850       2439.7           5614.4           3174.7    
   3860       2443.2           5708.1           3265.0    
   3870       2460.4           5656.0           3195.6    
   3880       2467.7           5546.6           3078.9    
   3890       2468.9           5517.5           3048.6    
   3900       2493.6           5582.1           3088.5    
   3910       2479.6           5612.7           3133.1    
   3920       2430.0           5546.7           3116.6    
   3930       2430.0           5600.3           3170.3    
   3940       2494.0           5676.2           3182.3    
   3950       2470.4           5545.6           3075.2    
   3960       2454.1           5269.4           2815.3    
   3970       2437.0           5175.0           2738.0    
   3980       2477.1           5286.8           2809.8    
   3990       2460.9           5413.7           2952.8    
   4000       2457.8           5440.8           2983.0    
   4010       2434.2           5356.5           2922.3    
   4020       2436.8           5241.2           2804.4    
   4030       2442.1           5216.6           2774.5    
   4040       2466.9           5281.7           2814.8    
   4050       2449.5           5359.7           2910.2    
   4060       2457.5           5416.2           2958.8    
   4070       2456.6           5429.7           2973.0    
   4080       2452.7           5426.3           2973.6    
   4090       2482.2           5406.1           2923.9    
   4100       2453.2           5431.1           2978.0    
   4110       2492.8           5554.9           3062.1    
   4120       2468.2           5643.5           3175.3    
   4130       2451.4           5623.5           3172.2    
   4140       2454.8           5514.6           3059.8    
   4150       2448.4           5407.8           2959.5    
   4160       2448.1           5351.2           2903.0    
   4170       2475.8           5278.1           2802.3    
   4180       2473.6           5240.0           2766.4    
   4190       2472.7           5276.4           2803.7    
   4200       2467.5           5321.0           2853.5    
   4210       2494.6           5357.3           2862.7    
   4220       2467.2           5394.2           2927.0    
   4230       2459.9           5390.5           2930.6    
   4240       2444.2           5413.5           2969.3    
   4250       2446.5           5407.3           2960.9    
   4260       2468.9           5361.3           2892.4    
   4270       2501.1           5367.1           2866.0    
   4280       2440.7           5371.8           2931.0    
   4290       2439.9           5347.9           2908.0    
   4300       2469.7           5355.4           2885.7    
   4310       2512.2           5356.1           2843.9    
   4320       2443.0           5384.6           2941.6    
   4330       2438.4           5425.3           2986.9    
   4340       2434.9           5437.1           3002.2    
   4350       2435.0           5427.9           2993.0    
   4360       2457.4           5424.6           2967.2    
   4370       2444.0           5431.7           2987.7    
   4380       2447.6           5487.2           3039.6    
   4390       2445.3           5593.5           3148.2    
   4400       2440.0           5640.8           3200.7    
   4410       2436.8           5575.8           3139.0    
   4420       2443.0           5434.8           2991.8    
   4430       2442.4           5275.6           2833.3    
   4440       2447.1           5186.1           2739.0    
   4450       2458.6           5236.9           2778.4    
   4460       2443.0           5346.9           2903.9    
   4470       2470.6           5392.5           2921.9    
   4480       2447.9           5370.3           2922.4    
   4490       2440.4           5343.7           2903.3    
   4500       2440.7           5269.3           2828.6    
   4510       2445.6           5110.6           2665.0    
   4520       2449.1           4985.7           2536.6    
   4530       2446.3           5028.4           2582.1    
   4540       2444.1           5195.8           2751.7    
   4550       2472.5           5371.9           2899.5    
   4560       2437.1           5491.0           3054.0    
   4570       2445.3           5450.1           3004.8    
   4580       2450.5           5280.6           2830.1    
   4590       2500.1           5177.1           2677.0    
   4600       2553.3           5248.3           2695.0    
   4610       2501.8           5375.3           2873.5    
   4620       2433.6           5429.4           2995.8    
   4630       2499.8           5444.3           2944.5    
   4640       2490.4           5478.1           2987.7    
   4650       2477.4           5539.5           3062.1    
   4660       2456.9           5572.4           3115.5    
   4670       2485.7           5594.4           3108.6    
   4680       2591.6           5579.2           2987.7    
   4690       2474.0           5534.8           3060.8    
   4700       2510.3           5488.9           2978.6    
   4710       2480.6           5565.9           3085.3    
   4720       2526.1           5638.8           3112.7    
   4730       2432.6           5631.1           3198.5    
   4740       2564.9           5616.3           3051.4    
   4750       2450.5           5531.7           3081.2    
   4760       2451.9           5370.8           2919.0    
   4770       2468.3           5299.2           2830.9    
   4780       2476.4           5241.4           2764.9    
   4790       2453.5           5141.7           2688.2    
   4800       2459.7           5043.3           2583.6    
   4810       2441.7           4989.5           2547.8    
   4820       2460.1           5003.3           2543.2    
   4830       2444.8           5031.2           2586.4    
   4840       2438.2           5092.2           2654.1    
   4850       2442.9           5153.0           2710.1    
   4860       2450.4           5136.0           2685.6    
   4870       2451.5           5049.7           2598.2    
   4880       2490.4           4990.1           2499.7    
   4890       2439.1           5022.9           2583.9    
   4900       2445.1           5111.9           2666.7    
   4910       2500.2           5166.0           2665.8    
   4920       2489.7           5160.2           2670.5    
   4930       2435.7           5188.2           2752.6    
   4940       2437.4           5262.5           2825.1    
   4950       2451.2           5336.1           2884.9    
   4960       2463.4           5342.9           2879.5    
   4970       2465.6           5284.1           2818.6    
   4980       2449.0           5189.5           2740.5    
   4990       2443.5           5120.1           2676.6    
   5000       2481.8           5146.1           2664.2    
   5010       2453.8           5241.5           2787.7    
   5020       2440.6           5333.6           2893.0    
   5030       2485.1           5329.1           2844.0    
   5040       2470.8           5239.3           2768.5    
   5050       2439.8           5121.5           2681.7    
   5060       2486.6           5085.3           2598.7    
   5070       2464.5           5178.1           2713.6    
   5080       2446.3           5372.7           2926.4    
   5090       2458.7           5450.2           2991.6    
   5100       2460.6           5324.4           2863.8    
   5110       2443.1           5212.4           2769.3    
   5120       2439.1           5202.3           2763.2    
   5130       2476.9           5196.0           2719.1    
   5140       2452.3           5197.3           2745.0    
   5150       2471.2           5227.1           2756.0    
   5160       2466.2           5287.2           2821.0    
   5170       2503.5           5249.6           2746.1    
   5180       2473.5           5126.2           2652.7    
   5190       2446.1           5072.4           2626.3    
   5200       2433.5           5102.9           2669.4    
   5210       2437.9           5127.4           2689.5    
   5220       2467.3           5128.4           2661.1    
   5230       2517.5           5172.5           2655.0    
   5240       2454.7           5175.3           2720.6    
   5250       2489.6           5115.6           2626.0    
   5260       2470.2           5189.0           2718.8    
   5270       2462.6           5356.0           2893.4    
   5280       2450.0           5426.4           2976.4    
   5290       2463.2           5296.3           2833.0    
   5300       2481.0           5311.5           2830.5    
   5310       2443.4           5464.2           3020.8    
   5320       2509.7           5537.5           3027.8    
   5330       2494.4           5490.8           2996.4    
   5340       2513.1           5360.0           2846.9    
   5350       2456.1           5289.5           2833.4    
   5360       2464.3           5284.8           2820.4    
   5370       2481.6           5214.0           2732.4    
   5380       2503.8           5079.7           2575.9    
   5390       2484.2           4936.5           2452.4    
   5400       2463.3           4961.8           2498.6    
   5410       2482.5           5115.3           2632.8    
   5420       2447.3           5186.6           2739.4    
   5430       2437.9           5145.3           2707.4    
   5440       2433.2           5139.7           2706.5    
   5450       2450.1           5231.4           2781.3    
   5460       2428.8           5292.4           2863.6    
   5470       2430.1           5210.2           2780.1    
   5480       2442.6           5044.4           2601.8    
   5490       2439.0           4880.8           2441.8    
   5500       2434.7           4813.2           2378.5    
   5510       2480.6           4967.3           2486.7    
   5520       2430.8           5216.2           2785.4    
   5530       2518.5           5359.2           2840.7    
   5540       2449.4           5416.1           2966.7    
   5550       2433.0           5419.2           2986.2    
   5560       2468.8           5420.8           2951.9    
   5570       2511.0           5417.1           2906.0    
   5580       2478.2           5384.2           2906.0    
   5590       2478.9           5317.6           2838.8    
   5600       2436.3           5234.1           2797.8    
   5610       2446.1           5080.0           2633.9    
   5620       2523.3           4920.2           2396.9    
   5630       2480.8           4874.2           2393.4    
   5640       2450.3           5047.4           2597.1    
   5650       2431.6           5291.9           2860.3    
   5660       2451.3           5422.3           2971.0    
   5670       2492.7           5407.2           2914.5    
   5680       2451.6           5285.1           2833.5    
   5690       2471.5           5139.0           2667.5    
   5700       2460.9           5021.6           2560.6    
   5710       2449.5           5000.0           2550.5    
   5720       2449.5           5079.2           2629.8    
   5730       2440.4           5175.0           2734.5    
   5740       2435.1           5317.3           2882.2    
   5750       2429.5           5449.2           3019.6    
   5760       2481.7           5478.6           2996.9    
   5770       2475.1           5381.6           2906.5    
   5780       2448.3           5272.5           2824.2    
   5790       2571.5           5319.6           2748.1    
   5800       2429.6           5419.5           2989.9    
   5810       2483.3           5500.3           3016.9    
   5820       2467.0           5544.7           3077.6    
   5830       2484.1           5503.5           3019.4    
   5840       2481.1           5413.0           2932.0    
   5850       2529.6           5427.1           2897.6    
   5860       2512.1           5546.7           3034.6    
   5870       2439.4           5607.3           3167.9    
   5880       2521.9           5545.5           3023.6    
   5890       2424.0           5447.7           3023.7    
   5900       2457.5           5438.5           2980.9    
   5910       2539.2           5520.7           2981.5    
   5920       2456.3           5501.8           3045.5    
   5930       2439.7           5398.8           2959.1    
   5940       2512.5           5356.9           2844.4    
   5950       2441.2           5440.6           2999.4    
   5960       2464.2           5539.4           3075.2    
   5970       2477.3           5565.1           3087.8    
   5980       2425.4           5527.2           3101.8    
   5990       2501.7           5496.2           2994.4    
   6000       2499.8           5507.8           3008.1    
   6010       2489.3           5488.7           2999.4    
   6020       2473.1           5453.0           2980.0    
   6030       2492.9           5434.2           2941.3    
   6040       2499.4           5397.0           2897.6    
   6050       2485.6           5319.6           2834.0    
   6060       2445.6           5238.8           2793.2    
   6070       2432.5           5229.6           2797.2    
   6080       2449.3           5225.8           2776.5    
   6090       2467.7           5200.1           2732.4    
   6100       2465.4           5142.8           2677.4    
   6110       2443.9           5137.3           2693.4    
   6120       2504.9           5145.4           2640.5    
   6130       2451.9           5137.8           2685.9    
   6140       2440.4           5164.0           2723.7    
   6150       2504.0           5128.8           2624.8    
   6160       2446.4           4981.3           2534.9    
   6170       2437.1           4929.6           2492.5    
   6180       2484.2           5061.0           2576.7    
   6190       2550.9           5304.0           2753.1    
   6200       2460.0           5469.5           3009.5    
   6210       2481.9           5369.8           2887.9    
   6220       2454.3           5108.2           2653.9    
   6230       2480.9           4977.7           2496.8    
   6240       2430.2           5073.8           2643.6    
   6250       2429.9           5217.4           2787.5    
   6260       2427.5           5169.9           2742.4    
   6270       2428.1           4974.9           2546.8    
   6280       2440.7           4858.8           2418.1    
   6290       2453.6           4904.8           2451.1    
   6300       2446.1           4944.1           2497.9    
   6310       2479.8           4879.4           2399.6    
   6320       2454.2           4734.3           2280.1    
   6330       2449.7           4672.1           2222.5    
   6340       2443.6           4683.2           2239.5    
   6350       2509.9           4693.2           2183.2    
   6360       2448.2           4735.6           2287.5    
   6370       2477.1           4802.4           2325.2    
   6380       2465.5           4931.9           2466.4    
   6390       2490.6           4997.1           2506.6    
   6400       2453.4           5029.9           2576.4    
   6410       2478.4           5103.8           2625.4    
   6420       2445.7           5126.3           2680.6    
   6430       2451.1           5070.1           2619.0    
   6440       2441.2           4985.0           2543.8    
   6450       2452.6           4912.2           2459.6    
   6460       2471.6           4940.6           2469.0    
   6470       2426.9           5046.6           2619.7    
   6480       2433.2           5148.4           2715.2    
   6490       2490.9           5183.1           2692.2    
   6500       2502.3           5177.3           2675.1    
   6510       2487.7           5247.7           2760.0    
   6520       2443.2           5356.8           2913.6    
   6530       2613.2           5365.1           2752.0    
   6540       2520.9           5254.4           2733.5    
   6550       2523.0           5124.8           2601.9    
   6560       2429.4           5048.9           2619.4    
   6570       2500.2           4999.0           2498.8    
   6580       2510.6           4965.5           2454.9    
   6590       2458.6           4949.9           2491.3    
   6600       2470.0           4974.3           2504.3    
   6610       2452.5           5043.8           2591.3    
   6620       2452.9           5128.4           2675.6    
   6630       2450.7           5104.5           2653.7    
   6640       2572.6           4997.6           2425.0    
   6650       2457.9           4986.6           2528.7    
   6660       2448.5           5018.1           2569.7    
   6670       2455.8           5028.3           2572.5    
   6680       2439.3           4970.0           2530.6    
   6690       2446.7           4877.7           2431.0    
   6700       2468.4           4869.6           2401.1    
   6710       2461.6           4992.1           2530.5    
   6720       2478.0           5087.5           2609.5    
   6730       2460.0           5052.9           2592.9    
   6740       2488.2           4930.0           2441.8    
   6750       2499.1           4744.9           2245.8    
   6760       2489.9           4625.9           2136.0    
   6770       2433.7           4626.0           2192.3    
   6780       2432.0           4776.0           2343.9    
   6790       2429.4           4944.7           2515.3    
   6800       2436.6           4982.3           2545.6    
   6810       2501.9           4945.3           2443.4    
   6820       2463.4           4930.8           2467.4    
   6830       2483.0           4938.1           2455.1    
   6840       2462.5           4873.3           2410.8    
   6850       2444.6           4851.9           2407.3    
   6860       2429.6           4893.6           2464.0    
   6870       2461.2           4859.8           2398.5    
   6880       2448.2           4784.8           2336.6    
   6890       2432.0           4778.3           2346.3    
   6900       2481.7           4812.0           2330.3    
   6910       2443.2           4810.6           2367.4    
   6920       2446.1           4753.2           2307.1    
   6930       2451.4           4654.0           2202.6    
   6940       2444.5           4678.0           2233.5    
   6950       2477.8           4859.9           2382.1    
   6960       2443.5           5049.8           2606.4    
   6970       2460.4           5115.3           2655.0    
   6980       2431.7           5100.6           2668.8    
   6990       2430.6           5008.6           2578.0    
   7000       2443.5           4886.3           2442.8    
   7010       2465.2           4871.2           2406.0    
   7020       2472.0           4942.7           2470.6    
   7030       2449.6           5003.7           2554.1    
   7040       2505.4           5047.9           2542.6    
   7050       2494.4           5076.2           2581.9    
   7060       2459.8           5063.8           2604.0    
   7070       2463.1           5054.8           2591.7    
   7080       2456.2           5056.1           2600.0    
   7090       2442.6           5076.9           2634.3    
   7100       2432.6           5069.1           2636.5    
   7110       2441.2           5025.8           2584.5    
   7120       2448.8           4942.4           2493.6    
   7130       2473.2           4878.0           2404.8    
   7140       2432.2           4796.7           2364.5    
   7150       2461.6           4722.3           2260.7    
   7160       2466.1           4648.9           2182.8    
   7170       2436.4           4626.7           2190.3    
   7180       2439.5           4650.1           2210.6    
   7190       2447.7           4687.5           2239.8    
   7200       2448.3           4697.5           2249.1    
   7210       2469.6           4677.5           2207.9    
   7220       2431.7           4593.2           2161.5    
   7230       2449.0           4496.1           2047.1    
   7240       2458.3           4405.3           1946.9    
   7250       2478.2           4307.3           1829.2    
   7260       2525.6           4324.8           1799.2    
   7270       2471.1           4375.3           1904.2    
   7280       2429.4           4514.4           2085.0    
   7290       2450.8           4659.6           2208.8    
   7300       2563.6           4689.8           2126.2    
   7310       2506.0           4629.3           2123.3    
   7320       2459.9           4582.3           2122.4    
   7330       2546.8           4688.9           2142.1    
   7340       2452.3           4806.2           2353.9    
   7350       2441.5           4842.5           2401.0    
   7360       2436.4           4880.1           2443.7    
   7370       2444.7           4806.5           2361.8    
   7380       2446.8           4717.8           2271.0    
   7390       2427.2           4778.9           2351.8    
   7400       2476.9           4882.5           2405.6    
   7410       2455.5           4858.4           2402.9    
   7420       2438.9           4766.7           2327.9    
   7430       2468.1           4714.9           2246.8    
   7440       2501.0           4680.1           2179.1    
   7450       2426.8           4700.7           2274.0    
   7460       2430.2           4666.9           2236.7    
   7470       2439.9           4604.7           2164.8    
   7480       2459.9           4660.6           2200.7    
   7490       2474.4           4794.6           2320.2    
   7500       2446.2           4810.9           2364.6    
   7510       2436.5           4859.3           2422.8    
   7520       2426.6           4943.1           2516.5    
   7530       2431.6           4965.1           2533.6    
   7540       2456.8           4894.9           2438.2    
   7550       2503.4           4831.4           2328.0    
   7560       2456.5           4894.6           2438.1    
   7570       2469.7           4889.0           2419.3    
   7580       2433.4           4789.1           2355.6    
   7590       2431.9           4744.6           2312.6    
   7600       2434.3           4803.8           2369.6    
   7610       2429.8           4933.0           2503.2    
   7620       2438.3           5027.0           2588.7    
   7630       2432.2           5016.6           2584.4    
   7640       2443.8           4938.2           2494.4    
   7650       2545.6           4855.4           2309.8    
   7660       2451.5           4775.1           2323.6    
   7670       2437.6           4769.8           2332.3    
   7680       2428.8           4832.5           2403.7    
   7690       2431.7           4892.2           2460.5    
   7700       2449.8           4842.9           2393.0    
   7710       2446.9           4721.3           2274.4    
   7720       2449.8           4603.2           2153.5    
   7730       2447.3           4512.0           2064.7    
   7740       2474.9           4443.2           1968.4    
   7750       2442.5           4392.4           1950.0    
   7760       2430.6           4379.4           1948.8    
   7770       2434.9           4442.0           2007.1    
   7780       2487.3           4589.4           2102.1    
   7790       2445.8           4686.8           2241.0    
   7800       2457.9           4673.8           2215.9    
   7810       2435.1           4581.5           2146.5    
   7820       2429.3           4458.3           2029.0    
   7830       2448.9           4377.2           1928.4    
   7840       2479.5           4344.3           1864.8    
   7850       2445.9           4406.6           1960.7    
   7860       2460.4           4551.6           2091.2    
   7870       2458.6           4677.3           2218.7    
   7880       2445.8           4657.8           2212.0    
   7890       2431.4           4659.5           2228.2    
   7900       2431.7           4755.8           2324.2    
   7910       2443.8           4871.8           2428.0    
   7920       2444.8           4891.1           2446.3    
   7930       2456.0           4654.4           2198.4    
   7940       2438.6           4368.1           1929.5    
   7950       2467.8           4268.9           1801.1    
   7960       2436.2           4362.0           1925.8    
   7970       2457.9           4511.8           2053.9    
   7980       2478.3           4536.1           2057.8    
   7990       2438.7           4425.5           1986.8    
   8000       2465.2           4436.0           1970.8    
   8010       2435.4           4571.2           2135.8    
   8020       2438.8           4717.7           2278.9    
   8030       2452.4           4789.3           2336.8    
   8040       2465.6           4780.3           2314.7    
   8050       2451.4           4785.4           2334.0    
   8060       2500.3           4768.8           2268.6    
   8070       2451.3           4666.2           2214.9    
   8080       2428.3           4551.3           2123.0    
   8090       2423.5           4425.9           2002.4    
   8100       2427.7           4415.9           1988.2    
   8110       2461.6           4490.2           2028.6    
   8120       2453.8           4509.9           2056.1    
   8130       2433.7           4527.5           2093.8    
   8140       2443.8           4553.1           2109.4    
   8150       2441.6           4567.9           2126.3    
   8160       2455.7           4591.5           2135.8    
   8170       2465.4           4667.3           2201.8    
   8180       2438.3           4718.0           2279.6    
   8190       2439.5           4623.3           2183.7    
   8200       2450.0           4418.7           1968.7    
   8210       2431.1           4417.7           1986.6    
   8220       2438.9           4536.8           2097.9    
   8230       2438.8           4557.6           2118.8    
   8240       2446.4           4601.1           2154.8    
   8250       2455.2           4619.7           2164.5    
   8260       2442.2           4595.1           2152.9    
   8270       2447.9           4595.5           2147.6    
   8280       2495.6           4562.8           2067.3    
   8290       2481.9           4517.4           2035.5    
   8300       2448.8           4549.1           2100.3    
   8310       2450.0           4640.1           2190.0    
   8320       2434.4           4660.5           2226.2    
   8330       2433.7           4645.9           2212.2    
   8340       2430.7           4667.9           2237.2    
   8350       2450.5           4746.5           2296.1    
   8360       2447.6           4827.6           2380.0    
   8370       2455.8           4760.4           2304.6    
   8380       2475.7           4589.4           2113.7    
   8390       2454.9           4480.6           2025.7    
   8400       2464.3           4434.3           1969.9    
   8410       2435.9           4409.4           1973.5    
   8420       2424.4           4417.5           1993.1    
   8430       2425.7           4526.3           2100.7    
   8440       2427.7           4624.2           2196.5    
   8450       2446.3           4603.9           2157.6    
   8460       2446.4           4503.4           2057.0    
   8470       2539.3           4430.6           1891.3    
   8480       2478.2           4496.9           2018.7    
   8490       2541.1           4576.4           2035.3    
   8500       2432.4           4637.1           2204.8    
   8510       2424.9           4684.9           2260.0    
   8520       2493.5           4677.9           2184.4    
   8530       2464.1           4601.1           2137.0    
   8540       2515.9           4530.9           2015.0    
   8550       2450.9           4534.9           2084.0    
   8560       2490.4           4585.8           2095.4    
   8570       2461.0           4639.3           2178.4    
   8580       2445.6           4639.7           2194.1    
   8590       2441.1           4577.2           2136.1    
   8600       2442.3           4514.6           2072.2    
   8610       2487.6           4528.7           2041.1    
   8620       2445.2           4562.6           2117.4    
   8630       2430.2           4541.3           2111.1    
   8640       2442.7           4546.7           2104.0    
   8650       2430.5           4589.0           2158.4    
   8660       2435.7           4604.2           2168.5    
   8670       2457.1           4567.6           2110.5    
   8680       2437.1           4516.3           2079.2    
   8690       2437.6           4461.9           2024.3    
   8700       2434.4           4350.4           1916.0    
   8710       2455.7           4244.1           1788.4    
   8720       2514.0           4276.0           1762.1    
   8730       2453.7           4438.5           1984.8    
   8740       2467.2           4638.2           2171.0    
   8750       2461.8           4723.4           2261.6    
   8760       2441.4           4725.2           2283.9    
   8770       2443.2           4751.8           2308.6    
   8780       2426.1           4799.8           2373.7    
   8790       2469.5           4786.5           2317.0    
   8800       2498.1           4692.8           2194.7    
   8810       2485.4           4661.5           2176.1    
   8820       2455.6           4678.8           2223.2    
   8830       2510.3           4661.4           2151.1    
   8840       2487.3           4592.1           2104.8    
   8850       2461.8           4587.4           2125.6    
   8860       2460.3           4671.1           2210.8    
   8870       2512.0           4751.6           2239.6    
   8880       2508.6           4702.8           2194.1    
   8890       2449.0           4588.7           2139.7    
   8900       2429.7           4544.1           2114.3    
   8910       2471.8           4604.6           2132.8    
   8920       2463.5           4684.4           2220.9    
   8930       2458.8           4679.3           2220.4    
   8940       2467.8           4613.3           2145.5    
   8950       2428.8           4551.7           2122.9    
   8960       2429.6           4476.7           2047.1    
   8970       2450.5           4458.5           2008.0    
   8980       2463.4           4498.7           2035.3    
   8990       2421.8           4526.1           2104.3    
   9000       2454.1           4535.6           2081.6    
   9010       2445.9           4553.8           2107.9    
   9020       2476.6           4620.1           2143.5    
   9030       2636.9           4683.2           2046.3    
   9040       2456.3           4721.1           2264.8    
   9050       2432.3           4740.1           2307.7    
   9060       2473.3           4787.9           2314.6    
   9070       2447.9           4823.9           2376.0    
   9080       2445.1           4874.4           2429.3    
   9090       2450.9           4816.7           2365.8    
   9100       2443.1           4657.0           2213.9    
   9110       2430.8           4568.9           2138.0    
   9120       2504.1           4558.8           2054.6    
   9130       2453.6           4604.7           2151.1    
   9140       2455.0           4641.4           2186.4    
   9150       2434.6           4627.6           2193.1    
   9160       2472.1           4615.0           2142.9    
   9170       2449.5           4625.2           2175.6    
   9180       2459.1           4651.9           2192.8    
   9190       2439.9           4714.8           2275.0    
   9200       2457.3           4761.9           2304.6    
   9210       2449.1           4661.4           2212.3    
   9220       2430.5           4488.8           2058.3    
   9230       2430.4           4390.2           1959.8    
   9240       2438.4           4471.3           2033.0    
   9250       2434.3           4587.4           2153.1    
   9260       2465.6           4569.7           2104.1    
   9270       2465.8           4473.3           2007.5    
   9280       2478.4           4474.9           1996.5    
   9290       2421.4           4553.7           2132.3    
   9300       2473.1           4643.4           2170.3    
   9310       2518.3           4708.4           2190.2    
   9320       2447.2           4684.9           2237.8    
   9330       2464.4           4648.1           2183.7    
   9340       2444.7           4590.0           2145.4    
   9350       2485.0           4559.7           2074.7    
   9360       2450.9           4602.6           2151.7    
   9370       2471.9           4669.3           2197.4    
   9380       2431.8           4658.6           2226.8    
   9390       2483.6           4555.7           2072.1    
   9400       2495.2           4422.9           1927.7    
   9410       2492.5           4314.5           1822.0    
   9420       2539.9           4309.9           1770.0    
   9430       2470.3           4383.0           1912.6    
   9440       2459.7           4493.0           2033.2    
   9450       2443.6           4526.8           2083.2    
   9460       2442.4           4428.2           1985.8    
   9470       2450.0           4335.6           1885.6    
   9480       2439.5           4342.5           1903.0    
   9490       2528.0           4393.4           1865.4    
   9500       2459.5           4402.5           1942.9    
   9510       2472.5           4391.2           1918.7    
   9520       2480.8           4429.8           1949.0    
   9530       2431.4           4462.9           2031.6    
   9540       2434.0           4437.4           2003.4    
   9550       2445.1           4452.5           2007.4    
   9560       2429.2           4462.2           2033.0    
   9570       2457.1           4440.1           1983.0    
   9580       2439.5           4487.5           2048.1    
   9590       2440.0           4557.0           2117.0    
   9600       2447.0           4595.4           2148.4    
   9610       2452.3           4549.8           2097.5    
   9620       2445.4           4448.1           2002.7    
   9630       2457.4           4373.2           1915.8    
   9640       2436.0           4323.4           1887.4    
   9650       2484.1           4267.9           1783.9    
   9660       2445.4           4199.4           1754.0    
   9670       2507.6           4176.1           1668.5    
   9680       2458.4           4246.3           1787.9    
   9690       2437.4           4303.1           1865.7    
   9700       2423.5           4253.3           1829.8    
   9710       2428.5           4168.2           1739.7    
   9720       2440.3           4119.2           1678.9    
   9730       2432.0           4111.0           1679.0    
   9740       2439.4           4142.6           1703.2    
   9750       2444.2           4205.3           1761.1    
   9760       2451.4           4249.4           1798.0    
   9770       2440.1           4271.9           1831.8    
   9780       2503.9           4355.7           1851.8    
   9790       2437.4           4500.0           2062.6    
   9800       2434.4           4548.2           2113.7    
   9810       2451.6           4481.7           2030.1    
   9820       2443.3           4380.9           1937.6    
   9830       2437.3           4339.1           1901.8    
   9840       2430.1           4327.9           1897.7    
   9850       2472.7           4294.6           1821.9    
   9860       2450.5           4202.8           1752.3    
   9870       2459.3           4071.2           1611.9    
   9880       2428.2           3991.4           1563.2    
   9890       2444.4           4021.5           1577.1    
   9900       2432.7           4157.5           1724.8    
   9910       2430.2           4286.7           1856.5    
   9920       2432.6           4304.4           1871.9    
   9930       2427.0           4233.5           1806.5    
   9940       2426.9           4156.7           1729.8    
   9950       2440.2           4122.2           1682.0    
   9960       2444.6           4116.5           1671.9    
   9970       2431.3           4139.4           1708.1    
   9980       2430.5           4226.6           1796.2    
   9990       2429.4           4263.2           1833.8    
  10000       2455.7           4244.6           1788.9    
  10010       2448.9           4274.1           1825.2    
